CPLEX 12.6.0.0: time=600
CPLEX solution status 101 with fixed integers:
	optimal integer solution
CPLEX 12.6.0.0: optimal integer solution; objective 0
11466 MIP simplex iterations
1141 branch-and-bound nodes
No basis.
color [*,*]
:    0   1   2   3   4   5    :=
0    1   0   0   0   0   0
1    0   1   0   0   0   0
2    1   0   0   0   0   0
3    0   0   0   0   1   0
4    0   0   1   0   0   0
5    1   0   0   0   0   0
6    0   0   0   0   0   1
7    0   0   1   0   0   0
8    0   0   1   0   0   0
9    0   0   1   0   0   0
10   0   0   0   0   0   1
11   0   1   0   0   0   0
12   0   1   0   0   0   0
13   1   0   0   0   0   0
14   0   1   0   0   0   0
15   0   0   0   1   0   0
16   0   1   0   0   0   0
17   0   0   0   1   0   0
18   1   0   0   0   0   0
19   0   0   0   1   0   0
20   0   0   0   1   0   0
21   0   0   0   0   0   1
22   0   1   0   0   0   0
23   0   0   0   0   1   0
24   0   1   0   0   0   0
25   1   0   0   0   0   0
26   0   0   0   1   0   0
27   0   0   1   0   0   0
28   1   0   0   0   0   0
29   0   0   0   0   1   0
30   0   0   1   0   0   0
31   0   0   1   0   0   0
32   0   0   1   0   0   0
33   1   0   0   0   0   0
34   0   0   0   0   1   0
35   0   1   0   0   0   0
36   1   0   0   0   0   0
37   0   1   0   0   0   0
38   0   0   1   0   0   0
39   1   0   0   0   0   0
40   0   0   0   1   0   0
41   1   0   0   0   0   0
42   0   0   1   0   0   0
43   0   0   1   0   0   0
44   1   0   0   0   0   0
45   0   1   0   0   0   0
46   0   0   1   0   0   0
47   0   0   0   0   0   1
;

