CPLEX 12.6.0.0: time=600
CPLEX 12.6.0.0: optimal integer solution; objective 3302537
4 MIP simplex iterations
0 branch-and-bound nodes
Items in the knapsack:
ID	Cost	Value
1	1	1001
2	6119	7119
3	1896	2896
4	7187	8187
6	997	1997
8	1022	2022
11	6874	7874
12	5522	6522
15	3486	4486
16	705	1705
20	3554	4554
21	4589	5589
23	5325	6325
25	4000	5000
27	5776	6776
28	4276	5276
29	2123	3123
34	5798	6798
35	6047	7047
36	427	1427
40	1091	2091
41	5247	6247
43	3211	4211
44	6010	7010
46	5838	6838
47	2627	3627
48	1725	2725
49	3760	4760
50	3843	4843
51	4776	5776
52	6137	7137
53	6475	7475
54	4977	5977
55	937	1937
57	2101	3101
58	3099	4099
59	4281	5281
60	4609	5609
63	3530	4530
64	6097	7097
66	975	1975
67	6248	7248
69	3768	4768
70	2241	3241
71	6031	7031
72	5584	6584
74	1348	2348
75	1881	2881
77	5367	6367
78	5178	6178
80	1641	2641
82	6898	7898
85	4824	5824
86	3391	4391
88	6101	7101
89	3472	4472
90	3636	4636
92	1087	2087
93	775	1775
95	2371	3371
96	5867	6867
97	1337	2337
98	2054	3054
100	1509	2509
101	6204	7204
102	2989	3989
103	5594	6594
107	5226	6226
108	2513	3513
110	3201	4201
112	1227	2227
114	4082	5082
115	2959	3959
116	296	1296
117	392	1392
118	5802	6802
119	5709	6709
120	3537	4537
121	1940	2940
122	2943	3943
124	2997	3997
125	79	1079
127	922	1922
131	3947	4947
136	1250	2250
137	3754	4754
138	6586	7586
140	2631	3631
141	4636	5636
142	5752	6752
145	390	1390
146	1542	2542
149	6111	7111
150	6550	7550
151	588	1588
154	6702	7702
155	5155	6155
156	2020	3020
157	2723	3723
158	3179	4179
159	4723	5723
160	1770	2770
161	667	1667
162	2095	3095
163	4829	5829
164	1598	2598
166	6885	7885
167	1590	2590
168	4239	5239
170	6037	7037
171	1823	2823
174	1923	2923
175	1056	2056
176	5261	6261
177	4977	5977
178	786	1786
180	46	1046
181	6689	7689
182	6438	7438
183	6933	7933
184	2116	3116
186	6503	7503
188	3603	4603
189	5686	6686
190	6194	7194
191	6466	7466
192	2341	3341
194	3545	4545
195	784	1784
198	2810	3810
199	6223	7223
200	2260	3260
201	5541	6541
202	5197	6197
203	6061	7061
204	3213	4213
205	1416	2416
209	6205	7205
211	6152	7152
212	269	1269
213	6913	7913
215	267	1267
217	5249	6249
218	174	1174
220	1700	2700
221	6174	7174
222	114	1114
223	4939	5939
225	4519	5519
226	5905	6905
227	56	1056
229	5381	6381
230	1369	2369
231	5551	6551
232	5525	6525
233	1128	2128
234	3987	4987
235	6812	7812
236	2660	3660
237	1753	2753
240	3764	4764
241	2684	3684
243	6830	7830
244	4905	5905
247	5330	6330
248	384	1384
249	2115	3115
250	6981	7981
251	5038	6038
252	5483	6483
253	4445	5445
254	4176	5176
255	1619	2619
256	570	1570
258	6891	7891
259	3896	4896
260	5446	6446
262	4567	5567
263	5306	6306
264	6646	7646
267	6800	7800
268	3893	4893
269	5612	6612
270	4723	5723
272	1771	2771
276	6279	7279
278	2253	3253
279	4126	5126
280	3262	4262
281	3603	4603
282	4802	5802
284	6861	7861
285	5209	6209
291	6677	7677
292	5290	6290
293	2863	3863
294	296	1296
295	4292	5292
296	172	1172
297	2444	3444
298	158	1158
300	4241	5241
304	958	1958
306	694	1694
307	4981	5981
309	3797	4797
310	7145	8145
311	1507	2507
312	819	1819
313	1715	2715
314	5672	6672
315	1512	2512
316	638	1638
319	2076	3076
320	3915	4915
321	4022	5022
322	3879	4879
324	5014	6014
325	866	1866
326	975	1975
327	1074	2074
328	6185	7185
329	5508	6508
331	5243	6243
332	2511	3511
333	6776	7776
334	767	1767
335	326	1326
336	4579	5579
337	5694	6694
338	1496	2496
339	1662	2662
341	3017	4017
342	829	1829
343	5654	6654
344	3858	4858
345	1129	2129
346	1547	2547
348	4801	5801
352	269	1269
353	6554	7554
354	4113	5113
355	421	1421
356	3293	4293
357	6685	7685
359	6470	7470
361	4077	5077
363	264	1264
365	3624	4624
367	6961	7961
368	6045	7045
369	6055	7055
370	2042	3042
371	5254	6254
372	2722	3722
373	880	1880
377	6809	7809
378	4800	5800
379	5680	6680
380	618	1618
382	4129	5129
383	6062	7062
385	573	1573
386	1692	2692
387	3568	4568
388	1604	2604
389	4037	5037
390	6035	7035
394	5108	6108
395	5211	6211
396	4411	5411
397	1067	2067
398	4426	5426
400	5104	6104
401	568	1568
402	208	1208
404	542	1542
405	6814	7814
406	3248	4248
407	2514	3514
408	237	1237
409	6326	7326
411	4041	5041
412	3678	4678
414	1392	2392
415	5192	6192
420	5582	6582
421	3678	4678
422	2327	3327
424	1097	2097
425	5596	6596
426	4378	5378
429	3411	4411
430	3124	4124
433	2535	3535
434	3167	4167
435	2082	3082
436	3680	4680
438	6679	7679
439	3412	4412
440	3330	4330
443	6983	7983
444	1345	2345
446	6181	7181
450	4698	5698
451	1808	2808
453	3004	4004
454	1122	2122
455	2391	3391
456	6158	7158
458	2476	3476
460	6873	7873
461	1958	2958
462	1477	2477
463	6209	7209
464	5857	6857
465	3717	4717
466	6681	7681
468	3003	4003
471	2419	3419
473	2504	3504
474	3134	4134
475	588	1588
477	5719	6719
478	3219	4219
480	151	1151
481	2341	3341
482	5717	6717
484	1181	2181
486	4039	5039
487	5456	6456
488	6191	7191
489	4760	5760
493	390	1390
496	1319	2319
497	1496	2496
498	6516	7516
499	5001	6001
500	3156	4156
501	6906	7906
502	1011	2011
504	526	1526
505	4437	5437
506	335	1335
509	1142	2142
510	5968	6968
511	2876	3876
512	3701	4701
513	2265	3265
514	3409	4409
517	3319	4319
520	2833	3833
521	6041	7041
522	6512	7512
523	2033	3033
525	1720	2720
526	782	1782
527	3887	4887
528	1974	2974
531	551	1551
533	2732	3732
539	5228	6228
542	222	1222
543	3654	4654
544	3150	4150
545	6048	7048
549	1260	2260
552	5766	6766
553	450	1450
554	3771	4771
555	4925	5925
557	240	1240
558	3791	4791
560	2850	3850
562	6635	7635
563	2299	3299
564	6317	7317
565	4969	5969
566	6050	7050
568	5426	6426
569	5435	6435
570	6791	7791
571	3648	4648
572	6093	7093
573	5515	6515
574	1185	2185
575	3351	4351
576	4582	5582
577	5582	6582
579	3032	4032
581	4901	5901
583	3902	4902
584	5188	6188
585	5494	6494
586	4962	5962
588	4620	5620
590	1927	2927
591	2494	3494
592	4559	5559
593	6147	7147
595	1418	2418
596	3271	4271
597	628	1628
598	1037	2037
600	2497	3497
602	5892	6892
603	1340	2340
604	6676	7676
606	2063	3063
610	781	1781
611	5343	6343
613	6616	7616
614	985	1985
615	3532	4532
616	6509	7509
618	1608	2608
620	274	1274
621	514	1514
622	5819	6819
623	986	1986
624	4353	5353
625	3888	4888
626	6932	7932
627	4759	5759
628	446	1446
629	2323	3323
630	2981	3981
631	6176	7176
632	5742	6742
633	4919	5919
634	4883	5883
635	2067	3067
636	978	1978
637	1503	2503
638	3290	4290
639	6556	7556
640	2260	3260
641	4716	5716
643	2319	3319
644	2713	3713
645	6471	7471
646	4080	5080
647	2517	3517
648	5479	6479
649	5105	6105
651	5153	6153
652	5088	6088
653	5140	6140
654	1182	2182
655	5886	6886
657	2692	3692
658	6764	7764
662	1421	2421
664	6141	7141
666	6184	7184
667	1258	2258
668	2698	3698
669	5250	6250
671	5639	6639
672	3009	4009
674	6015	7015
675	3132	4132
676	992	1992
677	2856	3856
682	1089	2089
683	6539	7539
684	3916	4916
685	5819	6819
686	4934	5934
687	4126	5126
688	5333	6333
689	5430	6430
690	877	1877
691	5598	6598
692	4532	5532
693	696	1696
695	3597	4597
696	3458	4458
697	6697	7697
699	6052	7052
700	1649	2649
701	5652	6652
703	3625	4625
704	4045	5045
705	3091	4091
706	6638	7638
708	5406	6406
710	3324	4324
712	1146	2146
713	4089	5089
715	5283	6283
716	3367	4367
718	6501	7501
719	1806	2806
721	5912	6912
723	4511	5511
724	5963	6963
725	6168	7168
726	4144	5144
728	1121	2121
729	2392	3392
730	1584	2584
731	646	1646
732	5418	6418
733	3114	4114
738	2906	3906
739	3228	4228
741	3131	4131
742	6279	7279
743	2699	3699
745	4386	5386
746	6951	7951
747	1229	2229
748	6599	7599
749	6621	7621
750	752	1752
751	2371	3371
752	5740	6740
755	495	1495
758	1475	2475
759	6255	7255
761	352	1352
763	1588	2588
764	2858	3858
765	1176	2176
766	929	1929
768	6467	7467
769	2325	3325
770	25	1025
771	167	1167
772	4593	5593
775	2457	3457
776	6557	7557
777	478	1478
778	2806	3806
779	6892	7892
780	1776	2776
781	942	1942
782	5179	6179
783	6991	7991
784	5428	6428
785	988	1988
786	4857	5857
787	866	1866
788	3030	4030
790	5206	6206
791	1086	2086
792	4189	5189
793	70	1070
794	3741	4741
796	2037	3037
798	2446	3446
799	5163	6163
800	1828	2828
801	3119	4119
802	63	1063
803	5774	6774
804	3246	4246
805	5074	6074
808	6115	7115
809	386	1386
810	1163	2163
811	741	1741
812	6853	7853
813	3541	4541
814	458	1458
815	6152	7152
816	1160	2160
818	2227	3227
819	3131	4131
820	6370	7370
822	3918	4918
823	3574	4574
824	5955	6955
826	3416	4416
827	4275	5275
828	6366	7366
829	1787	2787
831	1661	2661
832	3588	4588
833	6320	7320
834	462	1462
835	1815	2815
836	562	1562
838	4643	5643
839	709	1709
840	2017	3017
841	1458	2458
842	5884	6884
844	6155	7155
845	1286	2286
846	2560	3560
848	2141	3141
849	1907	2907
850	185	1185
853	4185	5185
854	5775	6775
855	4843	5843
857	794	1794
860	3433	4433
861	4233	5233
862	3916	4916
863	4841	5841
864	888	1888
865	491	1491
866	1740	2740
868	1410	2410
870	2482	3482
873	3025	4025
874	2684	3684
875	6547	7547
876	6917	7917
877	1638	2638
878	130	1130
879	590	1590
881	1090	2090
883	1506	2506
885	5615	6615
886	2253	3253
889	3920	4920
890	6185	7185
892	5659	6659
893	1839	2839
894	3877	4877
895	5828	6828
896	834	1834
897	52	1052
899	1145	2145
900	1201	2201
902	4416	5416
903	3263	4263
904	5572	6572
905	2723	3723
906	6623	7623
907	993	1993
908	6680	7680
909	6935	7935
910	4228	5228
912	987	1987
913	4218	5218
914	6602	7602
915	4535	5535
918	5228	6228
920	3246	4246
922	2935	3935
924	4472	5472
925	6080	7080
927	17	1017
928	6295	7295
929	5984	6984
930	6914	7914
931	6427	7427
933	3675	4675
935	336	1336
938	1530	2530
940	2535	3535
941	5582	6582
942	5226	6226
943	6052	7052
944	5836	6836
946	7037	8037
947	4355	5355
948	7738	8738
949	4547	5547
950	4783	5783
951	4736	5736
952	1572	2572
953	1256	2256
954	5087	6087
955	108	1108
957	1153	2153
958	962	1962
961	2786	3786
962	1555	2555
963	654	1654
964	5678	6678
966	6904	7904
967	1972	2972
968	2904	3904
969	1585	2585
970	1424	2424
971	3229	4229
972	4871	5871
973	4654	5654
974	6536	7536
975	469	1469
976	2749	3749
977	6020	7020
978	1436	2436
981	1162	2162
982	6731	7731
983	3090	4090
984	5539	6539
985	6754	7754
986	5300	6300
987	2267	3267
988	3329	4329
990	1389	2389
991	928	1928
992	547	1547
993	2015	3015
994	4546	5546
996	3924	4924
997	6493	7493
999	208	1208
1001	1078	2078
1002	357	1357
1005	349	1349
1006	3729	4729
1007	4219	5219
1008	3588	4588
1010	556	1556
1011	6591	7591
1012	3807	4807
1015	4245	5245
1017	1382	2382
1019	534	1534
1020	3573	4573
1021	5108	6108
1022	3381	4381
1023	5852	6852

costBound = 2581540

totalCost = 2581540

totalValue = 3302540

